1.073786E-06 -8.972301E-06 4.860318E-08
-0.028147 -0.01584286 0.001287982
0.0080001 0.01843275 -0.0002083315
-0.01642578 -0.00599747 7.004034E-07
-0.01344724 0.0005250318 0.0003411191
-0.001799294 0.007701875 8.285473E-06
0.002787437 0.004626998 -0.0001912323
-0.002919698 0.002483549 4.70579E-05
0.0002847396 0.003142646 -7.132134E-05
0.002859676 0.0007942774 -0.0009025449
-0.005602119 0.01697257 0.0002783448
0.0002930276 0.01529123 0.000327004
-0.007034474 0.0111804 6.817248E-05
-0.006040975 0.009858805 1.962114E-05
1.073786E-06 -8.972301E-06 4.860318E-08
-0.028147 -0.01584286 0.001287982
0.0080001 0.01843275 -0.0002083315
-0.01642578 -0.00599747 7.004034E-07
-0.01344724 0.0005250318 0.0003411191
-0.001799294 0.007701875 8.285473E-06
0.002787437 0.004626998 -0.0001912323
-0.002919698 0.002483549 4.70579E-05
0.0002847396 0.003142646 -7.132134E-05
0.002859676 0.0007942774 -0.0009025449
-0.005602119 0.01697257 0.0002783448
0.0002930276 0.01529123 0.000327004
-0.007034474 0.0111804 6.817248E-05
-0.006040975 0.009858805 1.962114E-05
1.073786E-06 -8.972301E-06 4.860318E-08
-0.028147 -0.01584286 0.001287982
0.0080001 0.01843275 -0.0002083315
-0.01642578 -0.00599747 7.004034E-07
-0.01344724 0.0005250318 0.0003411191
-0.001799294 0.007701875 8.285473E-06
0.002787437 0.004626998 -0.0001912323
-0.002919698 0.002483549 4.70579E-05
0.0002847396 0.003142646 -7.132134E-05
0.002859676 0.0007942774 -0.0009025449
-0.005602119 0.01697257 0.0002783448
0.0002930276 0.01529123 0.000327004
-0.007034474 0.0111804 6.817248E-05
-0.006040975 0.009858805 1.962114E-05
1.274142E-06 -8.924419E-06 4.340907E-08
0.003045687 -0.02549363 -0.002361815
-0.0007042183 0.02011607 0.000317047
-0.01411596 -0.01030208 7.789124E-08
-0.01323281 -0.001344763 0.0002966701
-0.001986704 0.00765671 1.271291E-05
0.002746515 0.004654084 -0.0001900719
-0.002927957 0.002474503 4.70479E-05
0.0002796539 0.003143388 -7.115582E-05
0.002845672 0.0007763023 -0.0009155786
-0.00816308 0.01552486 0.0001970922
-0.003738239 -0.0001233576 -0.0003045352
-0.005901431 0.002768598 -0.000228121
-0.005535188 0.01083722 6.548125E-05
